-0.118602
-0.00640719
-0.00520482
0.340686
-0.103449
0.0567726
0.0982417
0.125863
0.163648
0.134527
0.160972
0.193943
0.229294
0.25727
0.297316
0.357653
0.402222
0.409772
0.430865
0.449891
0.458415
0.476129
0.530369
0.550039
0.572494
0.585399
0.6196
0.652119
0.653814
0.691119
0.730495
0.778368
0.833946
0.842512
0.851443
0.855378
0.848537
0.860418
0.827895
0.833654
0.877537
0.894428
0.932426
0.960693
0.98121
1.00674
1.00071
1.00644
1.02222
1.01987
1.02975
1.01401
1.02841
1.044
1.02995
1.00384
0.9814
0.974626
0.955031
0.926388
0.915123
0.937723
0.956614
0.949916
0.965092
0.970993
0.952689
0.91084
0.891483
0.891612
0.854595
0.844946
0.82383
0.81895
0.798692
0.749211
0.701867
0.638559
0.618421
0.631413
0.619206
0.613705
0.645528
0.656607
0.648421
0.600703
0.544043
0.526273
0.459033
0.387727
0.335844
0.273405
0.252813
0.220109
0.197331
0.194177
0.162297
0.1574
0.116797
0.0767553
0.0567302
0.0198366
-0.00987049
-0.0270672
-0.0324033
-0.0852155
-0.108282
-0.100737
-0.109166
-0.138788
-0.167401
-0.171514
-0.21012
-0.257848
-0.289179
-0.337001
-0.375896
-0.414622
-0.452979
-0.481726
-0.533862
-0.576063
-0.616959
-0.641774
-0.646517
-0.674026
-0.675254
-0.706637
-0.707856
-0.725559
-0.768127
-0.802626
-0.814957
-0.836683
-0.875783
-0.899129
-0.906949
-0.936327
-0.9767
-0.999601
-1.015
-0.994164
-1.01398
-1.00271
-1.00823
-0.991607
-0.998383
-1.06044
-1.04636
-1.01997
-0.988545
-0.989883
-0.977988
-0.94263
-0.953847
-0.977486
-0.983788
-0.989431
-0.983533
-0.997745
-0.97602
-0.958452
-0.993548
-0.935735
-0.938122
-0.901432
-0.909391
-0.892971
-0.879908
-0.886603
-0.864445
-0.800432
-0.75843
-0.734453
-0.681708
-0.686119
-0.663728
-0.676542
-0.653862
-0.635849
-0.585454
-0.554183
-0.493615
-0.493609
-0.501157
-0.493502
-0.47719
-0.437211
-0.422766
-0.369323
-0.311074
-0.30381
-0.295462
-0.240683
-0.217988
-0.206953
-0.186993
-0.123409
-0.0695103
-0.045551
