-0.11860154495812883
-0.006407187280317056
-0.005204816540577986
0.34068620340028705
-0.10344925984216283
0.23361249348847601
0.1302124814873711
0.1593233496489025
0.22150075188071838
0.16596211511487138
0.055220259882618694
0.43143736418464884
0.3423195757365054
0.3271795802951632
0.46177919681732105
0.527982251134012
0.3226318494902437
0.4767376849300472
0.46888095650632683
0.4413359272670519
0.5129235899712964
0.6342627205671693
0.648070628060819
0.5947599146955446
0.6036098243952862
0.5187683086137
0.7181275411980382
0.8293773553362465
0.6582430222424733
0.8185912312191749
0.8398610906526107
0.8060068598632746
1.0515986698111863
0.880768477348575
0.7118302629764643
0.8422030302365646
0.798814932236132
0.8772920003151975
0.8564631470963529
0.9153221866734487
0.9751294668157026
0.9435480383531435
1.0267985254770358
1.0468963552983885
0.9795681641415874
1.0685192397043892
0.9389411002148104
0.9779236662689762
1.1214430906615818
1.0327979624772476
1.0388649541390298
0.9740780182648688
1.0253588200661512
1.0714754846757943
1.0371442863963714
0.8761324993859536
0.9042131439631349
0.9334309501271458
0.9077875131012951
0.8996196789813415
0.9695555867570357
1.0117287560773272
1.0175587734128124
0.8932455892420842
0.9988443778499554
0.9350268545884799
0.8597268017782963
0.7606369586306142
0.9014178275211271
0.894019176557336
0.776741697645641
0.8771312294056229
0.7330313817737244
0.7313568163435789
0.7798727533071168
0.5971350705743379
0.4926774309331414
0.4972807252111823
0.6122011062705035
0.8093134471137116
0.7066268277624486
0.5641299566666138
0.6836182087137646
0.5637503090349661
0.5630900730443171
0.5230032735862684
0.3666636268775754
0.45751191007817893
0.2801797627035563
0.13591143584961488
0.2517922739481031
0.1483687778067482
0.24311489867263902
0.26128565629147577
0.14351052665414135
0.11699024645587192
0.06051271738863423
0.11898596696324697
-0.0005055695194169096
0.02103768325246951
0.02336027175724804
-0.10437145716335226
-0.11772980964607693
0.015805787445592426
-0.03252243141927588
-0.29583510495116233
-0.11503720141710504
-0.05910440148136864
-0.16830238059804437
-0.16192758643306102
-0.20419805248832196
-0.320512271753207
-0.3466777943228971
-0.34546905680850415
-0.3562878518841689
-0.4488624761014566
-0.4375644090892912
-0.5528715900449618
-0.5768180394432264
-0.5179542504674314
-0.6691040662721056
-0.7020666193759222
-0.6829372917840154
-0.7017636371086204
-0.6052749990767399
-0.6830115303951486
-0.6764686610087653
-0.8903673221143008
-0.6902497627321467
-0.8079813724018042
-0.86068417267706
-0.8900070261753965
-0.7504541212712856
-1.0207200798403715
-0.9248500689592655
-0.9480573821474267
-0.9076078855143365
-1.066274890305336
-0.9926924430951024
-1.1581239535936605
-1.0172157732892473
-0.8230663591034881
-1.0264879562385358
-0.9987039214042601
-1.025775369578445
-1.058391135765748
-1.0578756196667454
-1.1953846672548678
-0.9420568660848714
-0.8403163820378877
-0.8372467638283532
-1.0664152292456515
-0.9865113079587025
-0.9832361407412878
-1.009356767038628
-0.9821525744419242
-0.8750579177218506
-1.1002688337593118
-0.9511268197108147
-1.068506725647235
-0.8790091131489289
-0.8767400375237028
-1.0856341122747517
-0.7533930510742921
-0.9654481526649482
-0.8483700496481146
-0.9267633331891574
-0.7782185536543734
-1.0072569882916236
-0.7935627400467241
-0.8324970554608759
-0.46429309745310315
-0.6747542378585714
-0.6343511719370223
-0.6907894489204168
-0.8200261371312174
-0.698151981823615
-0.5411769035270211
-0.5386762400262176
-0.5262716555423032
-0.3884227892052292
-0.6323971324975868
-0.3347475322360949
-0.5411385596149263
-0.5839638786911013
-0.48034216316187345
-0.2905487947926077
-0.3925250151477929
-0.24807813205907706
-0.2204800671393524
-0.23446927012598479
-0.43676008538380406
-0.24045697330560434
-0.06385476038185672
-0.11190753806569156
-0.15427090118244285
-0.11471072134814642
-0.055250797483698405
0.08293273029906531
0.07990134025298547
